# Velocity (km/s)
ZTF20abxlham -1.235965759181746580e+04 0.583 0.037
ZTF20aciigcw -1.080290682643587752e+04 0.434 0.036
ZTF20aagloch -1.018964137340676643e+04 0.565 0.012
ZTF20acuoacn -1.519011352887490102e+04 0.925 0.025
ZTF20aattotq -1.155769507631785928e+04 0.492 0.017
ZTF19abalrbb -1.061420976396538390e+04 0.523 0.009
ZTF19abcttsc -1.235965759181746580e+04 0.533 0.011
ZTF20aaflaug -8.538542076789928615e+03 0.479 0.008
ZTF20aattotq -1.136899801384736566e+04 0.492 0.017
ZTF18aahjaxz -1.018964137340676643e+04 0.476 0.025
ZTF19abzprpk -1.075573256081825457e+04 0.570 0.024
ZTF18aajtlbf -1.033116417025963710e+04 0.531 0.011
ZTF18abixkdo -1.099160388890637478e+04 0.661 0.011
ZTF18abtnbys -9.151807529819041520e+03 0.463 0.023
ZTF19abhbjge -9.717898717230526017e+03 0.426 0.021
ZTF19aaejslw -9.198981795436662651e+03 0.585 0.046
ZTF19acblzux -1.023681563902439120e+04 0.374 0.035
ZTF18abdmgab -1.009529284217151871e+04 0.658 0.016
ZTF20abegopd -1.174639213878835471e+04 0.421 0.012
ZTF20aatzwgk -9.010284732966167212e+03 0.522 0.010
ZTF18acrcetn -1.066138402958300523e+04 0.897 0.029
ZTF20acvbrbv -1.099160388890637478e+04 0.498 0.031
ZTF18abltdfj -9.765072982848150787e+03 0.360 0.015
ZTF19achahea -1.047268696711250959e+04 0.448 0.024
ZTF19aaarhtg -9.198981795436662651e+03 0.426 0.015
ZTF18aarcypa -9.104633264201414931e+03 0.571 0.099
ZTF18aaimxdx -8.680064873642801103e+03 0.454 0.021
ZTF20acbakkg -1.009529284217151871e+04 0.461 0.020
ZTF20abzettb -9.576375920377655348e+03 0.337 0.027