# Velocity (km/s)
-1.235965759181746580e+04
-1.080290682643587752e+04
-1.018964137340676643e+04
-1.519011352887490102e+04
-1.155769507631785928e+04
-1.061420976396538390e+04
-1.235965759181746580e+04
-8.538542076789928615e+03
-1.136899801384736566e+04
-1.018964137340676643e+04
-1.075573256081825457e+04
-1.033116417025963710e+04
-1.099160388890637478e+04
-9.151807529819041520e+03
-9.717898717230526017e+03
-9.198981795436662651e+03
-1.023681563902439120e+04
-1.009529284217151871e+04
-1.174639213878835471e+04
-9.010284732966167212e+03
-1.066138402958300503e+04
-1.099160388890637478e+04
-9.765072982848150787e+03
-1.047268696711250959e+04
-9.198981795436662651e+03
-9.104633264201414931e+03
-8.680064873642801103e+03
-1.009529284217151871e+04
-8.585716342407555203e+03
-9.576375920377655348e+03
-1.023681563902439120e+04
